29
264 4235 8598 5911 3099 797 4901 5424 6068 1333 9783 568 1419 8260 4938 2893 9549 8402 2255 348 9955 7655 6249 8812 369 9716 4089 6908 7678
3
q c o
264
15
9955 4901 7655 6908 1419 8812 9549 5424 1333 5911 568 4089 6249 3099 348
56
264 o 8402
9783 q 5424
7678 o 2893
2893 o 568
2893 o 9955
2893 o 9783
4938 q 1333
4938 q 9549
4938 q 7655
348 c 4235
4938 o 5424
7678 q 5911
5424 o 9549
264 c 5911
8402 c 8402
8260 o 568
8260 o 4938
8260 q 369
8260 q 9716
568 o 2255
7655 c 6068
7655 c 9549
3099 c 568
3099 c 6249
6068 q 5424
4235 q 6908
8812 o 2893
3099 o 2893
8402 o 1419
8402 o 6068
2893 q 4235
3099 q 7655
6249 q 1419
9549 q 9716
2255 o 3099
9955 o 9716
9955 o 9783
1419 q 9549
9549 c 6908
9549 c 2255
8402 q 1419
6249 c 264
6249 c 568
6249 c 7655
9716 c 797
4235 c 7655
568 q 5911
9783 c 568
9783 c 5911
4901 o 5424
6908 c 3099
6908 c 6068
797 c 9549
9955 q 2255
4901 c 4938
4901 c 9549
